ID_JF	N	niche.mean	niche.med	niche.sd	bio	long	lat	Temp	Alt	Area	Brealm
AFHS24792	1000	0.276526316	0.263157895	0.151041809	0.138917	-10.9	15	29.6	140	97	Afrotropical
AFHS28449	1000	0.283789474	0.263157895	0.147877225	0.106393	-13.5	13.3	28	9	135	Afrotropical
AFHS28841	1000	0.268526316	0.263157895	0.136784911	0.179499	16.6	11	27.9	22	62	Afrotropical
AFHS34726	1000	0.220263158	0.157894737	0.146411494	0.09573	-14.1	11.3	26.3	58	147	Afrotropical
AFHS39731	1000	0.258578948	0.210526316	0.131638794	0.173222	3.9	7.6	26.8	101	91	Afrotropical
AFHS39933	1000	0.254789474	0.210526316	0.143532368	0.132665	2.4	8.4	26.9	93	111	Afrotropical
AFHS40106	1000	0.255157895	0.210526316	0.134961485	0.094149	1.3	8	26.6	128	50	Afrotropical
AFHS40877	1000	0.247578948	0.210526316	0.140749237	0.18201	-1.4	10.5	27.6	130	96	Afrotropical
AFHS41919	1000	0.255578948	0.210526316	0.15826541	0.101645	-4.3	5.9	26.4	31	144	Afrotropical
AFHS42117	1000	0.259789474	0.263157895	0.130883299	0.125816	-4	8.5	26.1	99	141	Afrotropical
AFHS42296	1000	0.231263158	0.210526316	0.136837283	0.119047	-2.7	6.3	25.7	64	156	Afrotropical
AFHS42321	1000	0.282842105	0.263157895	0.150974235	0.094565	-5.4	8	25.7	111	6	Afrotropical
AFHS42682	1000	0.218052632	0.157894737	0.121963631	0.135471	-1.4	6.2	26.2	57	54	Afrotropical
AFHS42801	1000	0.269473684	0.263157895	0.121085726	0.106179	-7.1	7.4	25.5	134	132	Afrotropical
AFHS43174	1000	0.249210527	0.210526316	0.129293947	0.265167	8.6	6.2	27.6	23	107	Afrotropical
AFHS44377	1000	0.244105263	0.210526316	0.106193612	0.146077	7.3	5.2	27.7	68	143	Afrotropical
AFHS45465	1000	0.239473684	0.210526316	0.139553408	0.272803	3.5	13.8	28.6	42	53	Afrotropical
AFHS54029	1000	0.172736842	0.157894737	0.119156798	0.878033	22.9	-2.5	24.9	59	88	Afrotropical
AFHS57499	1000	0.188842105	0.157894737	0.122595225	0.180906	36.9	-12.1	23.1	30	38	Afrotropical
AFHS72030	1000	0.231578947	0.210526316	0.181696513	0.13529	31.8	-20.2	20.9	32	14	Afrotropical
AFHS76167	1000	0.214578948	0.210526316	0.142342739	0.239035	29.4	-23.3	19.1	40	99	Afrotropical
AFHS76969	1000	0.186368421	0.157894737	0.136690848	0.191924	31.6	-25.3	22.3	44	106	Afrotropical
AFHS77516	1000	0.206736842	0.157894737	0.158314039	0.205702	31.2	-26.9	21.2	41	81	Afrotropical
AFHS78611	1000	0.198	0.157894737	0.159435748	0.311803	22.6	-27.3	19.1	78	154	Afrotropical
AUHS13338	1000	0.235526316	0.210526316	0.105754281	0.334785	131.8	-14.5	27.3	88	114	Australian
AUHS40966	1000	0.260263158	0.263157895	0.118567746	0.165919	146.5	-21	24	136	28	Australian
AUHS73941	1000	0.298210527	0.315789474	0.139284355	0.262448	147.2	-31.4	18.8	32	8	Australian
CAHS10622	1000	0.300631579	0.263157895	0.166893659	0.509042	-103.7	30.5	16.5	77	149	Nearctic
CAHS28863	1000	0.285368421	0.210526316	0.161908453	0.710113	-99.3	21.6	23.4	63	159	Neotropical
CAHS46660	1000	0.199842105	0.210526316	0.1333794	0.578998	-91.7	16.6	21.8	53	138	Neotropical
EAJF112555	1000	0.233631579	0.210526316	0.124146313	0.474441	115.9	0.4	26.8	8	158	Oriental
EAJF127578	1000	0.20431579	0.210526316	0.106129881	0.511636	113.5	2.1	22.5	47	110	Oriental
EAJF129145	1000	0.180526316	0.210526316	0.095208946	0.429705	103.5	2.3	26.3	129	98	Oriental
EAJF135491	1000	0.197842105	0.210526316	0.109180049	0.396979	114.8	3.5	26.3	47	42	Oriental
EAJF169633	1000	0.211631579	0.210526316	0.123970633	0.276154	76.6	9.6	27.6	12	21	Oriental
EAJF187759	1000	0.200157895	0.210526316	0.1269721	0.257954	107.3	11.5	26.4	29	102	Oriental
EAJF212938	1000	0.206105263	0.210526316	0.119765724	0.261736	99.1	14.7	24.2	11	71	Oriental
EAJF221980	1000	0.226263158	0.210526316	0.127227439	0.508447	76.5	16.5	26.1	146	69	Oriental
EAJF225969	1000	0.184578948	0.210526316	0.112667647	0.426836	100	17.2	28	16	44	Oriental
EAJF230905	1000	0.16931579	0.157894737	0.112346756	0.64932	102.6	18.8	26.2	112	136	Oriental
EAJF273587	1000	0.246736842	0.210526316	0.143773041	0.18457	121.5	24.9	23.1	75	74	Oriental
EAJF276415	1000	0.190210526	0.157894737	0.129232049	0.639623	98	19.9	23.7	117	70	Oriental
EAJF286913	1000	0.231842105	0.210526316	0.137021671	0.664553	85.2	27.1	22.1	132	3	Oriental
EAJF300093	1000	0.197684211	0.210526316	0.110987895	0.787588	107.7	30.4	16.5	121	45	Palearctic
EAJF404178	1000	0.342263158	0.368421053	0.197814353	0.083839	-0.9	41.9	14.1	50	142	Palearctic
EAJF414843	1000	0.368842105	0.368421053	0.184602877	0.030511	2.4	43.1	13.4	55	150	Palearctic
EAJF418671	1000	0.362263158	0.368421053	0.19850924	0.01462	-0.5	43.4	10.3	83	39	Palearctic
EAJF419298	1000	0.382526316	0.368421053	0.203685932	0.023409	6.3	43.5	12.5	14	94	Palearctic
EAJF420040	1000	0.419789474	0.421052632	0.189535022	0.021213	3	43.6	11.4	115	22	Palearctic
EAJF421856	1000	0.364789474	0.368421053	0.194437087	0.057726	3.5	43.8	12.1	115	63	Palearctic
EAJF423672	1000	0.320631579	0.315789474	0.195101204	0.029574	1.5	44	12.7	65	112	Palearctic
EAJF434188	1000	0.346684211	0.368421053	0.204733206	0.016366	1.3	45.2	11.7	13	58	Palearctic
EAJF43491	1000	0.21731579	0.210526316	0.125369626	0.708164	141.9	-6.4	26.6	51	139	Australian
EAJF435390	1000	0.32931579	0.315789474	0.218812175	0.171796	9.1	45.3	12.3	67	134	Palearctic
EAJF440917	1000	0.346421053	0.368421053	0.199303605	0.063458	5.7	45.7	9.8	69	2	Palearctic
EAJF441536	1000	0.35	0.368421053	0.180513758	0.013217	-0.1	45.8	12.8	70	1	Palearctic
EAJF446340	1000	0.259526316	0.263157895	0.164897811	0.20361	20.3	46.4	10.9	56	140	Palearctic
EAJF450677	1000	0.363421053	0.368421053	0.185277865	0.019215	1.6	46.9	11.4	5	15	Palearctic
EAJF455183	1000	0.362	0.368421053	0.189225291	0.013001	-1.9	47.9	11.7	7	5	Palearctic
EAJF457091	1000	0.397421053	0.421052632	0.175323172	0.020124	3.3	48.7	10.4	109	131	Palearctic
EAJF458997	1000	0.328473684	0.315789474	0.189384971	0.041836	8.2	49.2	10	54	51	Palearctic
EAJF460275	1000	0.232631579	0.210526316	0.145354922	0.254098	126.2	49.5	-1.2	43	47	Palearctic
EAJF461125	1000	0.407631579	0.473684211	0.158078805	0.014658	2.5	49.9	9.7	27	118	Palearctic
EAJF462623	1000	0.355947369	0.368421053	0.172737472	0.019776	5.4	50.4	8.7	124	87	Palearctic
EAJF466057	1000	0.338736842	0.315789474	0.181390304	0.022941	13.1	51.2	9.3	24	30	Palearctic
EAJF469215	1000	0.464	0.473684211	0.158675554	0.01319	-0.8	51.6	9.3	36	11	Palearctic
EAJF471063	1000	0.336947369	0.315789474	0.162868776	0.068607	21.5	51.7	7.9	26	46	Palearctic
EAJF471873	1000	0.385473684	0.368421053	0.174384569	0.042079	16.9	51.8	8.3	147	17	Palearctic
EAJF473143	1000	0.35431579	0.368421053	0.179934305	0.012066	9.6	52	7.4	118	103	Palearctic
EAJF475339	1000	0.438105263	0.473684211	0.14099174	0.012632	0.1	52.3	10	137	146	Palearctic
EAJF480215	1000	0.426368421	0.421052632	0.136756558	0.012647	-1.4	53	9.2	116	13	Palearctic
EAJF516184	1000	0.327473684	0.315789474	0.157593411	0.082049	47.4	56	3.9	21	26	Palearctic
NAJF11945	1000	0.324052632	0.263157895	0.162476343	0.066917	-103.8	56.3	-2.6	141	153	Nearctic
NAJF120990	1000	0.348842105	0.368421053	0.173112571	0.100783	-122.4	52.4	2.8	60	56	Nearctic
NAJF130611	1000	0.275842105	0.263157895	0.149875553	0.023553	-71.9	49.7	-0.1	148	145	Nearctic
NAJF144070	1000	0.270736842	0.263157895	0.136740995	0.168765	-81.8	45.5	6.3	149	20	Nearctic
NAJF146898	1000	0.333210526	0.315789474	0.168039309	0.186625	-117.2	46.3	9.3	71	130	Nearctic
NAJF152530	1000	0.374578948	0.368421053	0.158563386	0.030459	-67.8	46.6	3.7	94	115	Nearctic
NAJF156254	1000	0.348473684	0.315789474	0.161646581	0.026177	-68.9	45.6	9.3	102	48	Nearctic
NAJF160689	1000	0.371105263	0.368421053	0.160916237	0.026672	-70.2	44.9	3.8	125	32	Nearctic
NAJF163258	1000	0.335105263	0.315789474	0.166488229	0.026301	-71.6	43.2	7.5	95	19	Nearctic
NAJF164632	1000	0.373210526	0.368421053	0.185612381	0.018868	-71	41.9	10.4	108	85	Nearctic
NAJF165363	1000	0.412473684	0.368421053	0.181791343	0.392418	-122.6	41.8	8.6	37	95	Nearctic
NAJF166046	1000	0.32331579	0.315789474	0.168904322	0.058934	-72.3	43.3	5.6	140	75	Nearctic
NAJF166494	1000	0.38431579	0.368421053	0.178142557	0.031619	-73.3	41.8	8.6	79	108	Nearctic
NAJF168097	1000	0.307736842	0.315789474	0.153392704	0.064572	-74.1	42.7	8.2	126	102	Nearctic
NAJF169404	1000	0.363736842	0.368421053	0.206598138	0.07137	-117.1	40.4	6.6	39	101	Nearctic
NAJF169498	1000	0.329210526	0.315789474	0.167581072	0.040343	-75.2	40.9	10.5	120	83	Nearctic
NAJF169707	1000	0.297631579	0.263157895	0.15944113	0.083929	-76.9	41.3	9.9	138	129	Nearctic
NAJF171807	1000	0.304947369	0.263157895	0.166748285	0.063302	-78.4	39.2	12.3	150	90	Nearctic
NAJF174847	1000	0.296894737	0.263157895	0.178168417	0.079534	-77.9	38.4	12.9	6	128	Nearctic
NAJF175185	1000	0.345736842	0.368421053	0.165962167	0.139595	-121	38.9	16.7	52	76	Nearctic
NAJF177139	1000	0.286526316	0.263157895	0.161058034	0.050736	-77.7	37.9	13.5	104	127	Nearctic
NAJF177908	1000	0.279	0.263157895	0.157748901	0.104271	-79	37.8	12.8	143	57	Nearctic
NAJF180854	1000	0.293052632	0.263157895	0.172757898	0.127488	-79.1	36.7	14	114	64	Nearctic
NAJF181559	1000	0.302157895	0.263157895	0.160013522	0.077944	-77.9	36	15.6	45	113	Nearctic
NAJF182625	1000	0.283578948	0.263157895	0.151956691	0.10073	-78.1	35.6	15.2	84	27	Nearctic
NAJF184372	1000	0.293894737	0.263157895	0.158210036	0.093262	-78.8	35.3	16	61	55	Nearctic
NAJF185224	1000	0.363263158	0.368421053	0.174411375	0.07976	-118.3	34.2	15.7	119	36	Nearctic
NAJF185617	1000	0.267842105	0.263157895	0.154361168	0.106718	-79.9	34.9	16.3	139	73	Nearctic
NAJF185907	1000	0.283947369	0.263157895	0.15081667	0.136505	-81.4	34.8	16.3	34	92	Nearctic
NAJF186574	1000	0.278631579	0.263157895	0.150232615	0.049002	-81	33.4	17.5	46	137	Nearctic
NAJF187435	1000	0.290105263	0.263157895	0.160566545	0.113732	-82.4	33.8	15.9	19	72	Nearctic
NAJF187550	1000	0.304526316	0.263157895	0.170372597	0.358505	-110.6	36.7	11.1	81	122	Nearctic
NAJF187602	1000	0.277105263	0.263157895	0.155824503	0.06409	-82.1	32.7	18	145	24	Nearctic
NAJF187893	1000	0.286736842	0.263157895	0.164788953	0.070634	-83.2	32.8	17.7	76	89	Nearctic
NAJF188115	1000	0.324947369	0.315789474	0.148246049	0.033068	-82.4	31.4	19.2	108	152	Nearctic
NAJF188198	1000	0.268368421	0.210526316	0.146377627	0.2764	-86.9	33.2	16.6	135	25	Nearctic
NAJF188256	1000	0.291473684	0.263157895	0.17226911	0.034024	-82	30.5	20.9	96	68	Nearctic
NAJF188446	1000	0.258736842	0.210526316	0.149764737	0.098629	-86.7	31.5	18.2	10	12	Nearctic
NAJF188683	1000	0.282631579	0.263157895	0.160680861	0.069864	-87.6	30.7	19.7	142	80	Nearctic
NAJF188945	1000	0.261684211	0.263157895	0.151844974	0.084821	-89	31.6	18.1	38	59	Nearctic
NAJF189234	1000	0.276789474	0.263157895	0.140112796	0.048363	-81.6	29.1	21.5	106	52	Nearctic
NAJF190495	1000	0.259578948	0.263157895	0.15058116	0.13613	-89.8	31.9	17.6	33	49	Nearctic
NAJF191407	1000	0.282473684	0.263157895	0.15932227	0.060546	-84.3	30.7	19.6	123	35	Nearctic
NAJF192181	1000	0.299684211	0.263157895	0.170828995	0.079272	-96.5	32.3	18.7	49	105	Nearctic
NAJF192182	1000	0.270842105	0.263157895	0.163957197	0.072612	-93.1	30.6	20.1	106	151	Nearctic
NAJF192610	1000	0.27931579	0.263157895	0.155432312	0.125029	-84.7	32.2	18.2	110	109	Nearctic
NAJF193002	1000	0.278684211	0.263157895	0.157146383	0.078911	-94.6	31.5	18.4	28	66	Nearctic
NAJF195357	1000	0.261684211	0.210526316	0.145045707	0.265718	-96.6	40.7	11.1	92	82	Nearctic
NAJF195640	1000	0.291105263	0.263157895	0.157332111	0.057726	-83	30.7	19.8	131	61	Nearctic
NAJF196784	1000	0.276210527	0.263157895	0.153147612	0.03273	-82.7	29.3	20.7	91	34	Nearctic
NAJF197535	1000	0.290526316	0.263157895	0.160495242	0.038839	-82.1	28.7	21.6	82	78	Nearctic
NAJF197681	1000	0.293105263	0.263157895	0.170283345	0.085014	-98.9	32.3	17.7	25	16	Nearctic
NAJF198020	1000	0.296052632	0.263157895	0.172557142	0.048093	-96.8	29.3	20.9	100	117	Nearctic
NAJF198325	1000	0.289421053	0.263157895	0.169014672	0.099701	-100.4	31.6	18.2	20	4	Nearctic
NAJF198911	1000	0.286473684	0.263157895	0.160072707	0.1167	-98.1	29.5	19.5	105	33	Nearctic
NAJF200409	1000	0.311736842	0.263157895	0.160144752	0.037028	-82.3	28.2	22.4	86	40	Nearctic
NAJF200682	1000	0.292421053	0.263157895	0.151421164	0.085739	-99.2	28.8	21.4	133	100	Nearctic
NAJF200749	1000	0.277842105	0.263157895	0.137104454	0.032031	-82.1	27.9	22.5	74	148	Nearctic
NAJF201161	1000	0.28631579	0.263157895	0.151983549	0.036717	-82.3	27.7	22.5	86	116	Nearctic
NAJF201607	1000	0.286684211	0.263157895	0.166345602	0.031925	-82.3	27.5	22.6	82	84	Nearctic
NAJF202703	1000	0.287631579	0.263157895	0.16368715	0.033502	-82.2	27.2	22.6	62	119	Nearctic
NAJF202816	1000	0.292473684	0.263157895	0.166125088	0.032919	-81.8	27.5	22.6	127	86	Nearctic
NAJF29797	1000	0.297578948	0.263157895	0.153543508	0.117971	-101.8	51.4	1.4	72	7	Nearctic
NAJF380861	1000	0.341	0.315789474	0.145029867	0.064718	-119.2	60.8	-4.4	66	43	Nearctic
NAJF45529	1000	0.331473684	0.263157895	0.153605907	0.067957	-91	53.9	-2.6	90	6	Nearctic
NAJF55803	1000	0.331263158	0.263157895	0.149325479	0.069014	-87.9	53.5	-1.8	80	41	Nearctic
NAJF89454	1000	0.329684211	0.263157895	0.154874294	0.056535	-86.7	50.8	-0.7	98	23	Nearctic
NAJF96474	1000	0.333684211	0.263157895	0.14348098	0.052719	-81.9	49.3	0.6	97	10	Nearctic
SAHS12788	1000	0.184210526	0.157894737	0.106285536	0.482313	-67.9	5.7	27.7	85	155	Neotropical
SAHS14010	1000	0.186210526	0.157894737	0.150389344	0.341783	-76.8	6.6	31.1	73	29	Neotropical
SAHS15147	1000	0.206052632	0.210526316	0.098144168	0.155455	-58.4	5.6	26.3	144	126	Neotropical
SAHS15508	1000	0.183368421	0.157894737	0.098313102	0.32704	-60.3	6.2	25.2	15	31	Neotropical
SAHS16359	1000	0.198105263	0.210526316	0.081310095	0.209484	-55.4	4.4	26.2	35	37	Neotropical
SAHS16458	1000	0.197368421	0.210526316	0.091198583	0.226312	-57.3	3.2	26.9	122	125	Neotropical
SAHS16540	1000	0.192736842	0.210526316	0.089514676	0.137017	-53.6	4.6	26.5	48	18	Neotropical
SAHS16680	1000	0.182842105	0.157894737	0.086032848	0.227358	-54.5	3.4	26	103	123	Neotropical
SAHS16758	1000	0.229789474	0.210526316	0.080826794	0.102248	-53.2	5.2	26.2	3	60	Neotropical
SAHS16845	1000	0.192263158	0.157894737	0.081451275	0.119884	-53.1	4.6	26.1	3	124	Neotropical
SAHS16944	1000	0.214526316	0.210526316	0.09072187	0.081289	-52.8	5.2	26.6	2	157	Neotropical
SAHS17005	1000	0.205421053	0.210526316	0.090834384	0.10454	-52.8	4.9	26.1	17	93	Neotropical
SAHS17178	1000	0.206526316	0.210526316	0.065647843	0.128919	-52.5	4.5	25.9	104	104	Neotropical
SAHS17436	1000	0.194210527	0.157894737	0.087986002	0.163025	-52.7	3.8	25.5	3	9	Neotropical
SAHS17714	1000	0.204105263	0.210526316	0.094507623	0.219738	-52.5	2.9	24.8	87	79	Neotropical
SAHS25790	1000	0.177473684	0.157894737	0.10166682	0.684462	-64.6	-6.7	26	107	120	Neotropical
SAHS32054	1000	0.189368421	0.157894737	0.1099075	0.560278	-49.5	-11.3	25.2	4	133	Neotropical
SAHS39877	1000	0.228736842	0.210526316	0.127038613	0.62569	-43.2	-13.5	25.4	18	121	Neotropical
SAHS4509	1000	0.239105263	0.210526316	0.175581979	0.537571	-74.7	6.4	27.9	89	67	Neotropical
SAHS57719	1000	0.206736842	0.210526316	0.115881108	0.596487	-56.6	-22.9	23.1	113	65	Neotropical
